0	pa0212	0.5	2.5	2.5	3																											
0	pa0283	3.5	2.0	1.0	-1																											
0	pa0291	3.0	2.5	3.0	-1																											
0	pa0299	4.0	1.0	3.0	-2																											
0	pa0323	4.0	1.5	3.5	-2																											
0	pa0330	1.5	2.0	2.5	1																											
0	pa0333	0.5	2.0	1.0	3																											
0	pa0341	0.5	2.5	2.5	3																											
0	pa0343	3.5	1.0	3.0	-2																											
0	pa0344	2.0	2.5	3.0	1																											
0	pa0349	0.5	2.5	1.5	3																											
0	pa0350	0.5	1.0	3.0	2																											
0	pa0356	1.5	1.0	1.5	0																											
0	pa0447	1.5	1.0	2.0	0																											
0	pa0448	0.5	2.5	1.0	3																											
0	pa0460	2.5	2.5	2.0	1																											
0	pa0666	0.5	3.0	1.5	3																											
0	pa0760	4.0	2.5	3.5	-1																											
0	pa0981	0.5	1.0	1.5	2																											
0	pa0986	3.5	1.0	3.5	-2																											
0	pa0994	2.0	1.0	2.5	0																											
0	pa0998	2.0	1.0	2.0	0																											
0	pa0999	1.0	0.5	1.5	2																											
0	pa1148	2.5	1.0	2.0	0																											
0	pa1168	4.0	0.5	3.5	-2																											
0	pa1179	0.5	0.5	NA	2																											
0	pa1282	3.5	0.5	3.0	-2																											
0	pa1291	4.0	1.0	4.0	-2																											
0	pa1308	3.0	0.5	3.5	-2																											
0	pa1321	0.5	2.0	3.0	3																											
0	pa1499	0.5	3.0	2.5	3																											
0	pa1799	0.5	2.5	1.5	3																											
0	pa1849	3.0	2.5	3.5	-1																											
0	pa1851	1.5	2.0	2.5	1																											
0	pa1852	3.5	1.5	3.0	-2																											
0	pa1854	4.0	0.5	3.0	-2																											
0	pa1858	4.0	1.0	3.0	-2																											
0	pa1896	3.0	1.5	3.5	-2																											
0	pa1904	4.0	0.5	3.5	-2																											
0	pa1912	4.0	0.5	3.5	-2																											
0	pa1943	4.0	1.0	3.5	-2																											
0	pa1945	4.0	1.0	3.5	-2																											
0	pa2382	NA	NA	NA	NA																											
0	pa2386	4.5	1.0	3.5	-2																											
0	pa2389	1.5	0.5	2.5	0																											
0	pa2393	1.5	1.0	1.0	0																											
0	pa2395	3.5	0.5	3.5	-2																											
0	pa2399	4.0	1.0	3.5	-2																											
0	pa2400	3.5	2.0	3.5	-1																											
0	pa2417	4.0	1.0	3.5	-2																											
0	pa2468	0.5	0.5	2.5	2																											
0	pa2472	1.0	2.5	2.0	NA																											
0	pa2477	1.5	2.5	2.5	1																											
0	pa2478	4.0	2.5	3.5	-1																											
0	pa2483	0.5	1.5	3.0	2																											
0	pa2484	2.0	2.5	3.5	1																											
0	pa2485	2.0	2.0	0.5	1																											
0	pa2486	2.0	1.5	3.5	0																											
0	pa2495	1.5	2.5	3.5	1																											
0	pa2499	2.5	2.5	3.5	1																											
0	pa2514	0.5	1.0	1.0	2																											
0	pa2520	0.5	2.5	2.5	3																											
0	pa2530	0.5	2.5	1.5	3																											
0	pb0001	2.5	0.5	4.0	0																											
0	pb0002	0.5	1.0	1.0	2																											
0	pb0003	4.0	0.5	3.0	-2																											
0	pb0004	NA	NA	NA	NA																											
0	pb0005	3.5	1.0	3.5	-2																											
0	pb0006	3.5	0.5	3.0	-2																											
0	pb0007	NA	NA	NA	NA																											
0	pb0008	NA	NA	NA	NA																											
0	pb0009	1.5	2.0	2.0	1																											
0	pb0010	2.0	1.5	3.5	0																											
0	pb0011	4.0	0.5	3.0	-2																											
0	pb0012	2.0	2.0	3.5	1																											
0	pb0013	4.0	2.5	3.0	-1																											
0	pb0014	3.0	2.5	3.5	-1																											
0	pb0015	3.5	0.5	3.0	-2																											
0	pb0016	2.0	2.5	3.5	1																											
0	pb0017	2.0	1.5	3.0	0																											
0	pb0018	NA	NA	NA	NA																											
0	pb0019	0.5	2.5	2.5	3																											
0	pb0020	2.5	1.0	3.0	0																											
0	pb0021	2.0	0.5	1.5	0																											
0	pb0022	NA	NA	NA	NA																											
0	pb0023	NA	NA	NA	NA																											
0	pb0024	4.0	1.0	3.5	-2																											
0	pb0025	NA	NA	NA	NA																											
0	pb0026	3.0	1.0	1.6	-2																											
0	pb0027	3.0	1.0	3.5	-2																											
0	pb0028	1.5	1.0	3.0	0																											
0	pb0029	3.0	1.0	3.5	-2																											
0	pb0030	2.0	2.5	3.5	1																											
0	pb0031	0.5	2.5	3.0	3																											
0	pb0032	3.5	0.5	3.0	-2																											
0	pb0033	3.5	1.5	3.5	-2																											
0	pb0034	2.5	2.5	1.5	1																											
0	pb0035	3.5	1.0	3.0	-2																											
0	pb0036	2.0	1.0	4.0	0																											
0	pb0037	2.5	0.5	1.5	0																											
0	pb0038	NA	NA	NA	NA																											
0	pb0039	4.0	1.5	3.5	-2																											
0	pb0040	4.0	1.0	3.5	-2																											
0	pb0041	3.5	2.5	3.0	-1																											
0	pb0042	2.0	2.5	3.0	1																											
0	pb0043	2.0	1.0	0.5	0																											
0	pb0044	3.5	1.0	3.0	-2																											
0	pb0045	4.0	0.5	3.5	-2																											
0	pb0046	3.5	1.5	3.5	-2																											
0	pb0047	NA	NA	NA	NA																											
0	pb0048	NA	NA	NA	NA																											
0	pb0049	NA	NA	NA	NA																											
0	pb0051	3.0	1.0	3.0	-2																											
0	pb0052	3.5	1.0	3.5	-2																											
0	pb0053	0.5	1.0	1.5	2																											
0	pb0054	3.5	2.0	4.0	-1																											
0	pb0055	NA	NA	NA	NA																											
0	pb0056	1.0	2.0	2.0	3																											
0	pb0057	3.5	1.0	3.5	-2																											
0	pb0058	4.5	1.0	3.5	-2																											
0	pb0059	2.5	2.5	1.0	1																											
0	pb0060	1.5	1.0	1.5	0																											
0	pb0061	NA	NA	NA	NA																											
0	pb0062	4.3	0.8	3.5	-2																											
0	pb0063	0.5	1.5	2.0	2																											
0	pb0064	1.5	2.5	3.5	1																											
0	pb0065	4.0	0.5	4.0	-2																											
0	pb0066	3.5	1.0	3.5	-2																											
0	pb0067	0.5	1.0	1.5	2																											
0	pb0068	2.0	0.5	3.5	0																											
0	pb0069	4.0	2.0	3.0	-1																											
0	pb0070	0.5	2.5	2.0	3																											
0	pb0071	2.0	1.0	3.0	0																											
0	pb0072	2.0	1.0	3.5	0																											
0	pb0073	4.0	1.0	3.0	-2																											
0	pb0074	2.0	2.5	3.5	1																											
0	pb0075	3.0	0.5	2.5	-2																											
0	pb0076	1.5	2.5	3.5	1																											
0	pb0077	NA	NA	NA	NA																											
0	pb0078	4.0	1.0	3.0	-2																											
0	pb0079	3.5	1.8	2.0	NA																											
0	pb0080	3.5	1.0	3.5	-2																											
0	pb0081	4.0	1.0	3.5	-2																											
0	pb0082	2.5	1.0	3.5	0																											
0	pb0083	3.0	1.0	4.0	-2																											
0	pb0084	4.0	2.5	3.5	-1																											
0	pb0085	3.0	1.0	3.5	-2																											
0	pb0086	0.5	1.0	1.0	2																											
0	pb0087	1.5	2.5	4.0	1																											
0	pb0088	1.5	2.0	3.0	1																											
0	pb0089	2.0	2.5	1.0	1																											
0	pb0090	NA	NA	NA	NA																											
0	pb0091	NA	NA	NA	NA																											
0	pb0092	4.0	0.5	3.0	-2																											
0	pb0093	4.0	1.0	3.5	-2																											
0	pb0094	1.0	2.0	3.5	3																											
0	pb0095	3.0	1.0	2.5	-2																											
0	pb0096	4.0	2.5	3.0	-1																											
0	pb0097	1.0	2.5	1.5	3																											
0	pb0098	NA	NA	NA	NA																											
0	pb0099	0.5	2.5	2.5	3																											
0	pb0100	2.0	2.5	3.0	1																											
0	pb0101	NA	NA	NA	NA																											
0	pb0102	NA	NA	NA	NA																											
0	pb0103	0.5	2.5	1.5	3																											
0	pb0104	3.5	2.5	3.5	-1																											
0	pb0105	4.0	2.5	3.0	-1																											
0	pb0106	NA	NA	NA	NA																											
0	pb0107	1.0	2.5	1.5	3																											
0	pb0108	2.0	1.0	1.5	0																											
0	pb0109	2.3	1.0	2.0	NA																											
0	pb0110	2.0	1.0	3.5	0																											
0	pb0111	NA	NA	NA	NA																											
0	pb0112	2.5	2.0	4.0	1																											
0	pb0113	2.5	1.0	4.0	0																											
0	pb0114	1.5	1.0	2.5	0																											
0	pb0115	NA	NA	NA	NA																											
0	pb0116	3.0	1.0	3.5	-2																											
0	pb0117	NA	NA	NA	NA																											
0	pb0118	1.5	1.0	2.0	0																											
0	pb0119	NA	NA	NA	NA																											
0	pb0120	NA	NA	NA	NA																											
0	pb0121	1.5	1.0	1.5	0																											
0	pb0122	0.5	0.5	2.0	2																											
0	pb0123	NA	NA	NA	NA																											
0	pb0124	4.0	1.5	3.0	-2																											
0	pb0125	1.5	1.0	3.0	0																											
0	pb0126	3.0	1.0	3.5	-2																											
0	pb0127	0.5	2.0	1.0	3																											
0	pb0128	2.0	1.0	4.0	0																											
0	pb0129	4.0	1.0	3.5	-2																											
0	pb0130	1.5	1.0	1.5	0																											
0	pb0131	2.5	1.5	3.5	0																											
0	pb0132	3.0	1.0	3.5	-2																											
0	pb0133	1.5	2.5	1.5	1																											
0	pb0134	NA	NA	NA	NA																											
0	pb0135	3.5	1.5	3.5	-2																											
0	pb0136	1.0	2.5	3.0	3																											
0	pb0137	4.0	0.5	3.5	-2																											
0	pb0138	1.0	2.0	3.5	3																											
0	pb0139	0.5	3.0	4.0	3																											
0	pb0140	1.5	1.0	2.5	0																											
0	pb0141	1.5	1.0	2.0	0																											
0	pb0143	4.0	2.5	3.0	-1																											
0	pb0144	2.0	1.0	3.5	0																											
0	pb0145	1.5	2.5	3.5	1																											
0	pb0146	2.0	1.0	2.5	0																											
0	pb0147	1.5	1.0	2.5	0																											
0	pb0148	1.5	1.0	2.0	0																											
0	pb0149	4.0	0.8	3.3	-2																											
0	pb0150	1.5	2.5	3.0	1																											
0	pb0151	2.0	2.0	2.0	1																											
0	pb0152	1.5	1.0	1.5	0																											
0	pb0153	1.5	1.0	2.0	0																											
0	pb0154	4.0	0.5	3.0	-2																											
0	pb0155	0.5	1.0	1.5	2																											
0	pb0156	3.5	2.5	3.5	-1																											
0	pb0157	2.0	2.5	2.5	1																											
0	pb0158	0.5	1.0	1.5	2																											
0	pb0159	3.0	2.5	3.5	-1																											
0	pb0160	3.5	2.5	3.0	-1																											
0	pb0161	2.5	1.0	3.5	0																											
0	pb0162	4.0	1.0	3.5	-2																											
0	pb0163	1.0	1.0	3.5	2																											
0	pb0164	4.0	1.0	3.5	-2																											
0	pb0165	3.0	1.0	3.0	-2																											
0	pb0166	2.0	0.5	2.5	0																											
0	pb0168	2.0	1.0	3.0	0																											
0	pb0169	2.0	1.0	3.5	0																											
0	pb0170	4.0	2.0	3.0	-1																											
0	pb0171	1.0	2.5	3.5	3																											
0	pb0172	2.0	1.0	2.5	0																											
0	pb0173	NA	NA	NA	NA																											
0	pb0174	1.0	1.0	2.0	2																											
0	pb0175	1.5	1.0	2.0	0																											
0	pb0176	2.5	1.0	4.0	0																											
0	pb0177	0.5	2.0	2.0	3																											
0	pb0178	0.5	1.5	2.0	2																											
0	pb0179	2.0	0.5	1.0	0																											
0	pb0180	3.0	1.0	3.5	-2																											
0	pb0181	0.5	2.5	1.5	3																											
0	pb0182	2.0	2.5	3.5	1																											
0	pb0183	2.0	2.5	3.5	1																											
0	pb0184	0.5	2.5	1.5	3																											
0	pb0185	1.5	2.5	3.0	1																											
0	pb0186	1.5	1.5	2.5	0																											
0	pb0187	NA	NA	NA	NA																											
0	pb0188	1.5	1.5	3.5	0																											
0	pb0189	0.5	1.5	1.5	2																											
0	pb0190	2.0	2.5	3.5	1																											
0	pb0191	4.0	1.0	3.5	-2																											
0	pb0192	1.0	0.5	3.0	2																											
0	pb0193	2.5	2.5	3.5	1																											
0	pb0194	4.0	0.5	3.5	-2																											
0	pb0195	0.5	2.5	1.0	3																											
0	pb0196	3.0	1.0	3.5	-2																											
0	pb0197	0.5	1.0	1.5	2																											
0	pb0198	2.5	1.0	2.0	0																											
0	pb0199	0.5	2.0	1.5	3																											
0	pb0200	1.5	1.0	3.0	0																											
0	pb0201	0.5	1.0	1.0	2																											
0	pb0202	3.0	2.0	3.5	-1																											
0	pb0203	NA	NA	NA	NA																											
0	pb0204	0.5	1.5	1.5	2																											
0	pb0205	3.0	2.5	3.5	-1																											
0	pb0206	NA	NA	NA	NA																											
0	pb0207	1.0	2.5	3.0	3																											
0	pb0209	0.5	2.5	1.0	3																											
0	pb0210	4.0	2.5	3.0	-1																											
0	pb0211	2.5	2.5	3.5	1																											
0	pb0213	1.5	2.5	3.0	1																											
0	pb0214	NA	NA	NA	NA																											
0	pb0215	0.5	2.5	1.5	3																											
0	pb0216	1.5	1.0	2.5	0																											
0	pb0217	0.5	3.0	3.0	3																											
0	pb0218	NA	NA	NA	NA																											
0	pb0219	0.5	2.0	1.0	3																											
0	pb0220	1.0	2.5	3.5	3																											
0	pb0221	4.0	2.0	4.0	-1																											
0	pb0222	0.5	2.0	2.5	3																											
0	pb0223	0.5	2.5	1.5	3																											
0	pb0224	4.0	2.5	3.5	-1																											
0	pb0225	2.5	2.5	3.5	1																											
0	pb0226	NA	NA	NA	NA																											
0	pb0227	0.5	2.5	2.5	3																											
0	pb0228	1.0	1.0	2.5	2																											
0	pb0229	0.5	2.0	2.5	3																											
0	pb0230	4.0	2.5	3.5	-1																											
0	pb0231	2.0	2.0	2.0	1																											
0	pb0232	3.5	2.0	3.5	-1																											
0	pb0233	2.0	0.5	3.5	0																											
0	pb0234	NA	NA	NA	NA																											
0	pb0235	1.5	2.5	2.0	1																											
0	pb0236	3.5	1.0	3.0	-2																											
0	pb0237	0.5	1.5	1.5	2																											
0	pb0238	0.5	3.0	2.5	3																											
0	pb0239	NA	NA	NA	NA																											
0	pb0240	4.0	2.5	3.5	-1																											
0	pb0241	1.5	1.5	2.0	0																											
0	pb0242	1.5	1.0	2.0	0																											
0	pb0243	3.0	1.0	3.0	-2																											
0	pb0244	1.5	1.0	2.0	0																											
0	pb0245	3.0	0.5	3.0	-2																											
0	pb0246	0.5	2.5	2.5	3																											
0	pb0247	4.0	1.0	3.5	-2																											
0	pb0248	0.5	2.5	1.5	3																											
0	pb0249	NA	NA	NA	NA																											
0	pb0250	3.5	2.0	3.5	-1																											
0	pb0251	4.0	1.0	NA	-2																											
0	pb0252	1.5	1.0	2.5	0																											
0	pb0253	4.0	1.0	3.0	-2																											
0	pb0254	4.0	1.0	4.0	-2																											
0	pb0256	3.0	1.0	3.5	-2																											
0	pb0257	NA	NA	NA	NA																											
0	pb0258	3.0	0.5	3.0	-2																											
0	pb0259	3.0	1.0	3.0	-2																											
0	pb0260	3.0	1.5	3.5	-2																											
0	pb0261	4.0	0.5	3.5	-2																											
0	pb0262	NA	NA	NA	NA																											
0	pb0263	4.0	2.0	3.5	-1																											
0	pb0264	3.5	1.0	3.0	-2																											
0	pb0265	4.0	1.0	3.5	-2																											
0	pb0266	1.5	1.0	3.5	0																											
0	pb0267	3.5	0.5	3.0	-2																											
0	pb0268	3.5	0.5	3.0	-2																											
0	pb0269	4.0	1.0	3.0	-2																											
0	pb0270	3.5	0.5	3.0	-2																											
0	pb0271	1.0	2.5	2.0	3																											
0	pb0272	NA	NA	NA	NA																											
0	pb0273	4.0	1.5	3.5	-2																											
0	pb0274	4.0	1.0	3.0	-2																											
0	pb0275	NA	NA	NA	NA																											
0	pb0276	4.0	1.0	3.5	-2																											
0	pb0277	4.0	2.0	3.0	-1																											
0	pb0278	3.5	0.5	NA	-2																											
0	pb0279	1.5	2.5	1.5	1																											
0	pb0280	3.0	0.5	3.0	-2																											
0	pb0281	3.0	1.5	3.5	-2																											
0	pb0282	4.0	1.0	3.5	-2																											
0	pb0283	4.0	2.5	3.5	-1																											
0	pb0284	4.0	0.5	3.5	-2																											
0	pb0285	1.5	1.0	2.5	0																											
0	pb0286	4.0	1.5	3.5	-2																											
0	pb0287	4.0	0.5	3.0	-2																											
0	pb0288	3.5	1.0	3.5	-2																											
0	pb0289	3.3	0.8	3.5	-2																											
0	pb0290	3.5	1.0	3.0	-2																											
0	pb0291	3.5	1.0	3.0	-2																											
0	pb0292a	NA	NA	NA	NA																											
0	pb0292b	NA	NA	NA	NA																											
0	pb0293	4.0	0.5	3.0	-2																											
0	pb0294	2.0	1.0	1.5	0																											
0	pb0295	NA	NA	NA	NA																											
0	pb0296a	NA	NA	NA	NA																											
0	pb0296b	NA	NA	NA	NA																											
0	pb0297	0.5	2.5	3.0	3																											
0	pb0298	2.0	0.5	3.0	0																											
0	pb0300	0.5	2.5	1.0	3																											
0	pb0301	3.0	1.0	3.5	-2																											
0	pb0302	4.0	0.5	3.5	-2																											
0	pb0303	3.0	1.0	1.0	-2																											
0	pb0306	4.0	1.0	3.0	-2																											
0	pb0307	4.0	1.0	3.5	-2																											
0	pb0308	NA	NA	NA	NA																											
0	pb0309	2.0	3.0	1.0	1																											
0	pb0310	3.5	0.5	3.5	-2																											
0	pb0311	3.5	1.0	3.0	-2																											
0	pb0312	4.0	1.0	3.0	-2																											
0	pb0313	4.0	1.0	3.0	-2																											
0	pb0314	4.5	1.0	3.0	-2																											
0	pb0315	1.5	2.0	2.5	1																											
0	pb0316	NA	NA	NA	NA																											
0	pb0317	NA	NA	NA	NA																											
0	pb0318	1.0	1.5	2.5	2																											
0	pb0319	1.5	2.5	3.5	1																											
0	pb0320	3.5	1.0	3.5	-2																											
0	pb0321	1.5	1.0	2.0	0																											
0	pb0322	NA	NA	NA	NA																											
0	pb0323	4.0	1.0	3.0	-2																											
0	pb0324	4.0	0.5	3.0	-2																											
0	pb0325	NA	NA	NA	NA																											
0	pb0326	4.0	1.5	3.5	-2																											
0	pb0327	3.5	2.0	3.5	-1																											
0	pb0328	NA	NA	NA	NA																											
0	pb0329	NA	NA	NA	NA																											
0	pb0330	4.0	1.0	3.5	-2																											
0	pb0331	4.5	1.0	3.5	-2																											
0	pb0332	NA	NA	NA	NA																											
0	pb0333	4.0	1.0	3.0	-2																											
0	pb0334	1.5	0.5	1.5	0																											
0	pb0335	3.5	1.0	3.5	-2																											
0	pb0336	4.0	0.5	3.5	-2																											
0	pb0337	4.0	1.0	3.0	-2																											
0	pb0338	4.0	0.5	3.0	-2																											
0	pb0339	4.0	1.0	3.5	-2																											
0	pb0341	NA	NA	NA	NA																											
0	pb0342	NA	NA	NA	NA																											
0	pb0343	3.0	1.0	3.0	-2																											
0	pb0344	2.5	0.5	2.0	0																											
0	pb0345	3.0	1.0	3.5	-2																											
0	pb0346	3.5	1.0	3.5	-2																											
0	pb0347	3.5	1.0	3.0	-2																											
0	pb0348	NA	NA	NA	NA																											
0	pb0349	4.0	2.5	3.5	-1																											
0	pb0350	3.0	0.5	3.0	-2																											
0	pb0351	NA	NA	NA	NA																											
0	pb0352	3.5	1.0	3.0	-2																											
0	pb0353	4.0	0.5	3.0	-2																											
0	pb0354	4.0	0.5	3.0	-2																											
0	pb0355	3.0	1.5	3.0	-2																											
0	pb0356	3.5	0.5	3.0	-2																											
0	pb0357	4.0	1.0	3.5	-2																											
0	pb0358	1.8	1.0	2.0	0																											
0	pb0359	3.5	0.5	3.0	-2																											
0	pb0360	4.5	0.5	3.0	-2																											
0	pb0361	3.5	1.0	3.0	-2																											
0	pb0362	1.5	2.5	3.5	1																											
0	pb0363	4.0	0.5	3.5	-2																											
0	pb0364	3.5	1.0	3.0	-2																											
0	pb0366	4.0	0.5	3.0	-2																											
0	pb0368	3.5	0.5	3.5	-2																											
0	pb0369	NA	NA	NA	NA																											
0	pb0370	3.5	1.0	1.0	-2																											
0	pb0372	3.5	1.5	3.0	-2																											
0	pb0374	1.5	1.0	1.5	0																											
0	pb0375	4.0	1.0	3.0	-2																											
0	pb0376	4.0	1.0	4.0	-2																											
0	pb0377	3.5	0.5	3.0	-2																											
0	pb0378	1.0	2.5	2.5	3																											
0	pb0380	1.5	1.0	2.5	0																											
0	pb0381	3.0	1.0	3.5	-2																											
0	pb0382	4.0	1.0	3.5	-2																											
0	pb0383	NA	NA	NA	NA																											
0	pb0384	3.5	1.0	3.5	-2																											
0	pb0385	4.0	1.0	4.0	-2																											
0	pb0387	3.5	1.0	1.0	-2																											
0	pb0388	NA	NA	NA	NA																											
0	pb0389	4.0	0.5	3.5	-2																											
0	pb0390	1.5	1.0	1.5	0																											
0	pb0391	3.0	1.0	3.0	-2																											
0	pb0392	0.5	1.5	1.5	2																											
0	pb0393	4.0	0.5	3.5	-2																											
0	pb0394	3.5	0.5	3.0	-2																											
0	pb0395	3.5	0.5	3.5	-2																											
0	pb0396	3.0	1.0	2.0	-2																											
0	pb0397	4.0	0.5	3.5	-2																											
0	pb0398	4.0	1.0	1.0	-2																											
0	pb0399	3.5	0.5	3.0	-2																											
0	pb0400	3.0	1.0	2.5	-2																											
0	pb0401	3.0	0.5	3.0	-2																											
0	pb0402	0.5	2.5	1.5	3																											
0	pb0403	3.5	2.5	3.5	-1																											
0	pb0405	0.5	2.5	2.5	3																											
0	pb0407	2.0	0.5	NA	0																											
0	pb0408	0.5	1.5	1.5	2																											
0	pb0409	0.5	2.5	1.5	3																											
0	pb0410	1.0	2.5	3.5	3																											
0	pb0412	4.0	1.5	3.5	-2																											
0	pb0413	0.5	2.5	1.5	3																											
0	pb0414	3.5	1.0	3.0	-2																											
0	pb0415	2.0	1.0	2.5	0																											
0	pb0416	2.0	1.5	1.5	0																											
0	pb0418	2.0	2.5	2.5	1																											
0	pb0419	NA	NA	NA	NA																											
0	pb0420	NA	NA	NA	NA																											
0	pb0421	NA	NA	NA	NA																											
0	pb0422	0.5	2.5	1.5	3																											
0	pb0423	NA	NA	NA	NA																											
0	pb0424	0.5	3.0	1.0	3																											
0	pb0425	2.0	1.0	4.0	0																											
0	pb0427	0.5	2.0	2.5	3																											
0	pb0428	NA	NA	NA	NA																											
0	pb0429	0.5	2.5	1.0	3																											
0	pb0432	0.5	2.5	3.0	3																											
0	pb0435	2.5	1.5	1.0	0																											
0	pb0436	0.5	1.5	2.5	2																											
0	pb0437	0.5	2.5	3.0	3																											
0	pb0438	NA	NA	NA	NA																											
0	pb0440	0.5	2.5	1.0	3																											
0	pb0441	2.0	1.0	3.5	0																											
0	pb0442	4.0	1.0	3.0	-2																											
0	pb0443	3.5	2.5	3.5	-1																											
0	pb0445	0.5	2.5	1.5	3																											
0	pb0447	NA	NA	NA	NA																											
0	pb0448	1.5	2.5	3.5	1																											
0	pb0450	0.5	2.0	1.0	3																											
0	pb0451	4.0	2.5	3.5	-1																											
0	pb0453	1.5	1.0	3.5	0																											
0	pb0454	0.5	2.5	1.0	3																											
0	pb0455	3.0	1.0	4.0	-2																											
0	pb0456	0.5	3.0	1.5	3																											
0	pb0458	2.0	1.0	3.0	0																											
0	pb0459	3.5	2.5	3.5	-1																											
0	pb0460	0.5	2.5	1.5	3																											
0	pb0461	0.5	2.0	2.5	3																											
0	pb0462	NA	NA	NA	NA																											
0	pb0463	4.0	1.0	3.0	-2																											
0	pb0464	3.5	2.5	3.5	-1																											
0	pb0465	NA	NA	NA	NA																											
0	pb0468	2.0	2.5	3.5	1																											
0	pb0469	4.0	0.5	3.0	-2																											
0	pb0472	3.0	1.0	1.0	-2																											
0	pb0474	1.5	1.5	2.5	0																											
0	pb0476	4.5	1.0	3.5	-2																											
0	pb0479	NA	NA	NA	NA																											
0	pb0480	0.5	2.5	3.0	3																											
0	pb0482	2.0	2.5	3.0	1																											
0	pb0484	0.5	3.0	1.5	3																											
0	pb0485	4.0	0.5	3.0	-2																											
0	pb0486	NA	NA	NA	NA																											
0	pb0487	2.0	1.0	1.0	0																											
0	pb0489	4.0	1.0	3.5	-2																											
0	pb0491	4.0	0.5	3.0	-2																											
0	pb0494	4.5	0.5	3.0	-2																											
0	pb0495	0.5	0.5	1.0	2																											
0	pb0498	3.5	0.5	3.0	-2																											
0	pb0500	0.5	2.5	1.5	3																											
0	pb0526	0.5	2.5	1.5	3																											
0	pb0539	0.5	2.5	1.0	3																											
0	pb0547	0.5	2.5	1.5	3																											
0	pb0731	4.0	0.5	3.0	-2																											
0	pb0733	1.5	1.0	3.0	0																											
0	pb0738	3.5	1.0	3.5	-2																											
0	pb0740	1.5	1.0	3.5	0																											
0	pb0743	1.5	2.0	1.5	1																											
0	pb0746	4.0	1.0	3.0	-2																											
0	pb0747	1.5	2.5	3.0	1																											
0	pb0750	NA	NA	NA	NA																											
0	pb0754	3.5	2.5	3.0	-1																											
0	pb0757	0.5	1.0	1.5	2																											
0	pb0758	1.0	2.5	3.0	3																											
0	pb0759	1.0	2.5	2.0	3																											
0	pb0760	NA	NA	NA	NA																											
0	pb0761	3.0	1.0	NA	-2																											
0	pb0763	3.5	0.5	3.0	-2																											
0	pb0764	1.5	2.5	2.0	1																											
0	pb0765	0.5	2.5	3.0	3																											
0	pb0766	1.5	0.8	3.0	0																											
0	pb0767	3.0	1.0	3.5	-2																											
0	pb0768	1.5	1.0	2.3	0																											
0	pb0769	3.0	0.5	3.0	-2																											
0	pb0770	4.0	0.5	3.5	-2																											
0	pb0771	2.0	0.5	1.0	0																											
0	pb0772	3.5	2.5	3.5	-1																											
0	pb0773	3.0	1.5	3.0	-2																											
0	pb0774	NA	NA	NA	NA																											
0	pb0775	0.5	1.0	2.0	2																											
0	pb0777	3.0	1.5	3.5	-2																											
0	pb0778	0.5	2.5	1.0	3																											
0	pb0779	1.5	2.5	1.0	1																											
0	pb0780	0.5	1.0	1.0	2																											
0	pb0782	3.5	0.5	3.0	-2																											
0	pb0784	0.5	2.5	2.5	3																											
0	pb0785	0.5	1.0	1.0	2																											
0	pb0786	NA	NA	NA	NA																											
0	pb0787	0.5	2.5	2.5	3																											
0	pb0788	3.0	1.0	3.0	-2																											
0	pb0789	1.5	2.5	2.5	1																											
0	pb0790	0.5	1.5	1.0	2																											
0	pb0791	0.5	3.0	1.5	3																											
0	pb0792	1.5	1.0	1.5	0																											
0	pb0793	1.5	1.0	1.0	0																											
0	pb0794	1.5	2.0	1.5	1																											
0	pb0795	1.5	2.5	2.5	1																											
0	pb0796	3.0	1.0	3.0	-2																											
0	pb0797	4.0	2.5	3.5	-1																											
0	pb0798	4.0	1.0	3.5	-2																											
0	pb0799	3.0	2.5	2.5	-1																											
0	pb0800	3.5	3.0	3.5	-1																											
0	pb0810	4.0	0.5	3.5	-2																											
0	pb0836	4.0	1.0	3.5	-2																											
0	pb0854	3.5	1.0	3.0	-2																											
0	pb0860	4.0	1.0	3.5	-2																											
0	pb0861	3.0	1.0	3.5	-2																											
0	pb0866	4.0	0.5	3.5	-2																											
0	pb0868	3.5	1.0	3.5	-2																											
0	pb0869	3.5	1.0	4.0	-2																											
0	pb0871	3.5	0.5	3.0	-2																											
0	pb0873	4.0	1.0	3.0	-2																											
0	pb0875	0.5	1.0	0.5	2																											
0	pb0876	2.0	2.5	4.0	1																											
0	pb0881	4.0	0.5	3.0	-2																											
0	pb0883	0.5	3.0	3.0	3																											
0	pb0888	1.0	2.5	2.5	3																											
0	pb0893	0.5	2.5	2.5	3																											
0	pb0894	3.5	0.5	3.5	-2																											
0	pb0898	0.5	3.0	1.0	3																											
0	pb0900	0.5	2.5	1.0	3																											
0	pb0912	4.0	1.0	3.5	-2																											
0	pb0934	4.0	1.0	3.0	-2																											
0	pb0952	1.5	2.5	3.5	1																											
0	pb0960	0.5	2.5	NA	3																											
0	pb1000	3.5	1.0	3.5	-2																											
0	pb1008	4.0	0.5	3.5	-2																											
0	pb1009	3.5	0.5	3.0	-2																											
0	pb1014	4.0	1.0	3.5	-2																											
0	pb1042	4.5	1.0	3.5	-2																											
0	pb1046	3.5	1.0	3.0	-2																											
0	pb1047	3.0	1.0	3.5	-2																											
0	pb1048	4.0	2.5	3.0	-1																											
0	pb1053	3.5	1.0	3.5	-2																											
0	pb1060	4.0	0.5	3.5	-2																											
0	pb1085	0.5	3.0	2.0	3																											
0	pb1088	0.5	2.5	2.0	3																											
0	pb1092	0.5	2.5	2.0	3																											
0	pb1093	0.5	3.0	1.5	3																											
0	pb1164	0.5	3.0	1.0	3																											
0	pb1166	1.5	2.5	2.0	1																											
0	pb1172	0.5	2.5	1.5	3																											
0	pb1179	1.5	2.5	3.0	1																											
0	pb1188	4.0	0.5	3.5	-2																											
0	pb1191	4.0	0.5	3.0	-2																											
0	pb1192	3.5	1.0	3.0	-2																											
0	pb1195	3.5	1.5	3.5	-2																											
0	pb1196	4.5	1.0	3.5	-2																											
0	pb1253	4.0	1.0	3.5	-2																											
0	pb1469	4.0	1.0	3.0	-2																											
0	pb1470	3.0	1.0	3.5	-2																											
0	pb1512	3.5	1.0	3.0	-2																											
0	pb1522	4.0	1.0	3.0	-2																											
0	pb1561	4.0	1.0	3.5	-2																											
0	pb1569	4.0	1.0	3.5	-2																											
0	pb1591	4.0	1.0	3.5	-2																											
0	pb1602	3.5	1.0	3.5	-2																											
0	pb1606	3.0	1.0	3.5	-2																											
0	pb1654	0.5	3.0	3.0	3																											
0	pb1656	0.5	2.5	3.0	3																											
0	pb1658	1.0	2.5	2.0	3																											
0	pb1662	0.5	2.5	2.5	3																											
0	pb1664	0.5	2.5	2.5	3																											
0	pb1665	0.5	2.5	1.0	3																											
0	pb1672	2.0	2.5	3.5	1																											
0	pb1677	0.5	2.5	3.0	3																											
0	pb1681	0.5	2.5	2.5	3																											
0	pb1682	0.5	2.5	3.0	3																											
0	pb1684	0.5	3.0	1.0	3																											
0	pb1686	0.5	2.5	3.0	3																											
0	pb1687	0.5	3.0	2.5	3																											
0	pb1691	0.5	2.5	1.0	3																											
0	pb1692	0.5	3.0	1.5	3																											
0	pb1693	0.5	3.0	NA	3																											
0	pb1694	0.5	3.0	1.0	3																											
0	pb1695	0.5	2.5	3.0	3																											
0	pb1697	0.5	2.5	2.5	3																											
0	pb1699	0.5	3.0	1.5	3																											
0	pb1700	0.5	2.5	2.5	3																											
0	pb1705	4.0	1.0	3.5	-2																											
0	pb1706	3.5	1.0	3.5	-2																											
0	pb1720	3.5	1.0	3.5	-2																											
0	pb1823	NA	NA	NA	NA																											
0	pb1824	2.5	1.0	3.5	0																											
0	pb1826	0.5	3.0	1.5	3																											
0	pb1827	0.5	1.5	2.0	2																											
0	pb1828	3.5	1.0	3.0	-2																											
0	pb1829	4.0	1.0	3.5	-2																											
0	pb1831	1.5	2.5	2.5	1																											
0	pb1832	2.0	1.0	3.5	0																											
0	pb1833	0.5	1.5	1.5	2																											
0	pb1834	0.5	2.5	3.0	3																											
0	pb1835	4.0	1.0	3.5	-2																											
0	pb1838	3.0	1.0	3.0	-2																											
0	pb1839	0.5	2.5	3.5	3																											
0	pb1840	4.0	1.5	3.0	-2																											
0	pb1843	3.5	0.5	3.5	-2																											
0	pb1844	3.5	1.0	3.5	-2																											
0	pb1846	4.0	1.0	3.5	-2																											
0	pb1847	4.5	0.5	3.0	-2																											
0	pb1848	4.0	0.5	4.0	-2																											
0	pb1850	4.0	1.0	3.5	-2																											
0	pb1857	3.5	2.0	3.5	-1																											
0	pb1860	4.0	1.0	3.5	-2																											
0	pb1914	3.0	1.0	3.5	-2																											
0	pb1915	3.5	1.0	3.5	-2																											
0	pb1941	3.0	1.0	4.0	-2																											
0	pb1943	4.0	1.0	3.5	-2																											
0	pb1945	3.0	1.0	3.5	-2																											
0	pb1946	3.5	2.0	3.5	-1																											
0	pb1947	3.0	0.5	3.0	-2																											
0	pb1948	3.5	1.0	3.5	-2																											
0	pb1949	0.8	0.8	2.3	2																											
0	pb1951	0.5	1.5	2.5	2																											
0	pb1954	2.0	1.0	3.5	0																											
0	pb1962	4.0	1.0	3.5	-2																											
0	pb1965	1.5	0.5	3.5	0																											
0	pb2052	0.5	2.5	1.0	3																											
0	pb2182	0.5	2.5	1.5	3																											
0	pb2190	0.5	2.5	1.5	3																											
0	pb2191	1.5	2.5	3.5	1																											
0	pb2194	0.5	2.5	2.0	3																											
0	pb2197	0.5	2.5	1.5	3																											
0	pb2198	1.5	2.5	2.0	1																											
0	pb2295	0.5	2.5	2.0	3																											
0	pb2303	0.5	3.0	1.5	3																											
0	pb2307	4.0	1.5	3.5	-2																											
0	pb2311	0.5	2.5	1.0	3																											
0	pb2312	4.0	0.5	3.0	-2																											
0	pb2313	0.5	2.5	2.5	3																											
0	pb2316	2.5	2.0	4.0	1																											
0	pb2318	0.5	3.0	1.5	3																											
0	pb2319	0.5	2.5	2.5	3																											
0	pb2320	4.0	1.0	3.0	-2																											
0	pb2321	3.0	1.0	4.0	-2																											
0	pb2327	0.5	2.5	1.0	3																											
0	pb2333	2.0	1.0	2.5	0																											
0	pb2335	1.0	2.5	2.5	3																											
0	pb2337	3.5	1.0	3.0	-2																											
0	pb2340	4.0	0.5	1.0	-2																											
0	pb2342	0.5	2.5	1.0	3																											
0	pb2352	0.5	2.5	2.5	3																											
0	pb2360	0.5	2.5	2.5	3																											
0	pb2401	4.0	1.0	3.0	-2																											
0	pb2408	0.5	2.5	1.5	3																											
0	pb2410	0.5	2.5	2.5	3																											
0	pb2412	3.0	1.0	3.5	-2																											
0	pb2413	3.0	1.0	3.5	-2																											
0	pb2414	0.5	2.5	2.5	3																											
0	pb2417	0.5	2.5	1.0	3																											
0	pb2466	0.5	2.5	1.5	3																											
0	pb2524	2.0	2.5	1.0	1																											
0	pb2536	2.0	1.0	3.5	0																											
0	pb2539	2.5	2.0	3.0	1																											
0	pb2542	3.5	0.5	3.0	-2																											
0	pb2543	4.0	2.5	1.0	-1																											
0	pb2547	4.0	1.0	3.5	-2																											
0	pb2549	NA	NA	NA	NA																											
0	pb2551	3.0	1.5	1.5	-2																											
0	pb2552	0.5	2.0	1.0	3																											
0	pb2555	0.5	0.5	1.0	2																											
0	pb2556	3.0	1.0	3.0	-2																											
0	pb2557	3.0	1.0	3.5	-2																											
0	pb2558	3.0	2.5	3.0	-1																											
0	pb2559	3.0	1.0	3.5	-2																											
0	pb2560	3.0	0.5	3.5	-2																											
0	pb2595	4.0	0.5	3.5	-2																											
0	pb2750	3.5	0.5	3.0	-2																											
0	pb2757	2.5	2.0	3.0	1																											
0	pb2804	0.5	2.5	0.5	3																											
0	pb2808	3.0	1.0	3.0	-2																											
0	pb2820	0.5	2.5	1.5	3																											
0	pb2862	2.5	2.5	1.5	1																											
0	pb2863	2.0	2.0	3.5	1																											
0	pb2864	3.0	0.5	2.0	-2																											
0	pb2865	0.5	2.5	2.5	3																											
0	pb2866	3.5	0.5	3.0	-2																											
0	pb2867	3.5	0.5	3.0	-2																											
0	pb2868	2.5	2.5	3.0	1																											
0	pb2869	3.0	1.5	1.5	-2																											
0	pb2871	3.5	0.5	3.5	-2																											
0	pb2872	2.0	1.0	2.5	0																											
0	pb2873	0.5	2.5	1.5	3																											
0	pb2874	3.0	1.5	2.5	-2																											
0	pb2875	2.0	1.0	3.0	0																											
0	pb2877	1.0	1.0	2.0	2																											
0	pb2879	3.5	2.0	3.5	-1																											
0	pb2880	4.0	1.0	3.5	-2																											
0	pb2906	3.5	2.5	3.5	-1																											
0	pb2907	3.5	0.5	3.0	-2																											
0	pb2910	1.5	2.5	2.5	1																											
0	pb2911	0.5	2.5	3.5	3																											
0	pb2912	0.5	2.5	3.0	3																											
0	pb2914	1.0	1.0	2.0	2																											
0	pb2916	2.0	2.5	2.0	1																											
0	pb2917	0.5	1.5	2.5	2																											
0	pb2919	2.5	1.0	4.0	0																											
0	pb2943	3.5	1.0	3.0	-2																											
0	pb2944	3.0	1.0	3.0	-2																											
0	pb2945	3.5	1.0	3.5	-2																											
0	pb2946	3.5	0.5	3.0	-2																											
0	pb2948	3.5	0.5	3.0	-2																											
0	pb3303	3.5	0.5	3.5	-2																											
0	pb3304	4.0	0.5	3.5	-2																											
0	pb3306	4.0	0.5	3.5	-2																											
0	pb3308	3.5	0.5	3.5	-2																											
0	pb3311	3.5	1.0	3.5	-2																											
0	pb3312	3.0	0.5	4.0	-2																											
0	pb3313	3.5	1.0	3.0	-2																											
0	pb3316	4.0	1.0	3.0	-2																											
0	pb3317	3.5	0.5	3.0	-2																											
0	pb3318	3.0	0.5	3.5	-2																											
0	pb3320	2.0	1.0	1.0	0																											
0	pb3343	3.0	0.5	3.5	-2																											
0	pb3346	3.5	0.5	3.0	-2																											
0	pb3354	0.5	2.5	3.0	3																											
0	pb3355	1.0	2.5	2.0	3																											
0	pb3356	2.5	1.5	3.5	0																											
0	pb3357	3.0	0.5	2.5	-2																											
0	pb3363	0.5	3.0	1.0	3																											
0	pb3368	1.5	3.0	1.0	1																											
0	pb3370	0.5	1.0	2.0	2																											
0	pb3373	0.5	2.5	1.5	3																											
0	pb3378	0.5	2.5	2.5	3																											
0	pb3382	1.5	2.5	3.0	1																											
0	pb3386	0.5	2.5	1.0	3																											
0	pb3388	0.5	2.5	1.5	3																											
0	pb3391	0.5	2.5	3.0	3																											
0	pb3393	0.5	2.0	1.0	3																											
0	pb3400	0.5	2.0	1.0	3																											
0	pb3403	0.5	1.0	2.5	2																											
0	pb3405	2.0	2.0	2.5	1																											
0	pb3407	3.0	1.5	3.0	-2																											
0	pb3408	3.5	2.5	3.0	-1																											
0	pb3409	NA	NA	NA	NA																											
0	pb3410	3.0	2.5	3.0	-1																											
0	pb3411	3.5	2.5	3.0	-1																											
0	pb3412	0.5	1.0	1.0	2																											
0	pb3414	NA	NA	NA	NA																											
0	pb3415	0.5	1.0	1.5	2																											
0	pb3417	0.5	2.5	1.0	3																											
0	pb3424	1.0	2.5	2.0	3																											
0	pb3425	0.5	2.5	1.0	3																											
0	pb3426	0.5	2.5	3.0	3																											
0	pb3430	1.0	2.5	3.0	3																											
0	pb3432	0.5	2.5	1.0	3																											
0	pb3434	0.5	2.5	2.5	3																											
0	pb3489	4.0	0.5	3.0	-2																											
0	pb3490	4.0	1.0	3.5	-2																											
0	pb3497	3.5	1.0	3.0	-2																											
0	pb3675	0.5	2.5	1.0	3																											
0	pb3677	1.0	2.5	3.0	3																											
0	pb3824	0.5	3.0	2.5	3																											
0	pb3826	0.5	2.5	0.5	3																											
0	pb3827	0.5	2.5	3.0	3																											
0	pb3828	3.5	2.5	3.0	-1																											
0	pb3829	0.5	1.0	2.5	2																											
0	pb3834	3.5	1.0	3.0	-2																											
0	pb3836	2.5	1.0	1.0	0																											
0	pb3837	3.0	2.5	1.5	-1																											
0	pb3838	NA	NA	NA	NA																											
0	pb3839	3.0	0.5	3.5	-2																											
0	pb3845	4.0	1.0	3.0	-2																											
0	pb3850	4.0	1.0	3.5	-2																											
0	pb3882	3.0	1.5	NA	-2																											
0	pb3885	0.5	2.5	1.5	3																											
0	pb3886	3.5	0.5	3.5	-2																											
0	pb3887	3.5	1.0	3.5	-2																											
0	pb3888	2.0	2.5	3.5	1																											
0	pb3889	4.0	1.0	3.0	-2																											
0	pb3890	2.0	2.0	3.5	1																											
0	pb3891	0.5	2.5	3.0	3																											
0	pb3892	0.5	2.5	1.0	3																											
0	pb3893	3.0	2.5	3.0	-1																											
0	pb3894	1.5	0.5	3.0	0																											
0	pb3896	0.5	0.5	3.0	2																											
0	pb3897	0.5	2.0	3.5	3																											
0	pb3898	0.5	2.0	2.5	3																											
0	pb3899	3.5	0.5	3.5	-2																											
0	pb4084	1.5	1.0	2.0	0																											
0	pb4099	1.0	2.5	1.0	3																											
0	pb4102	0.5	2.5	3.0	3																											
0	pb4104	0.5	0.5	2.5	2																											
0	pb4108	3.5	0.5	3.0	-2																											
0	pb4113	0.5	2.5	1.5	3																											
0	pb4116	3.5	0.5	3.5	-2																											
0	pb4119	3.5	2.0	3.0	-1																											
0	pb4144	0.5	2.5	1.0	3																											
0	pb4169	4.0	1.0	3.5	-2																											
0	pb4170	4.0	0.5	3.5	-2																											
0	pb4180	2.0	0.5	2.0	0																											
0	pb4214	4.0	0.5	3.5	-2																											
0	pb4284	NA	NA	NA	NA																											
0	pb4285	2.0	1.0	2.0	0																											
0	pb4286	NA	NA	NA	NA																											
0	pb4289	3.5	1.5	3.0	-2																											
0	pb4290	0.5	2.0	3.0	3																											
0	pb4292	0.5	2.5	2.0	3																											
0	pb4293	1.0	2.5	2.0	3																											
0	pb4294	3.5	2.5	3.0	-1																											
0	pb4295	3.0	2.5	3.0	-1																											
0	pb4296	3.0	1.0	3.5	-2																											
0	pb4297	3.5	2.5	3.0	-1																											
0	pb4298	0.5	3.0	1.5	3																											
0	pb4299	0.5	2.0	2.0	3																											
0	pb4300	3.5	1.0	3.0	-2																											
0	pb4301	0.5	2.5	1.5	3																											
0	pb4303	2.0	2.5	3.5	1																											
0	pb4306	2.5	1.0	3.5	0																											
0	pb4308	3.0	0.5	3.5	-2																											
0	pb4310	0.5	1.0	1.5	2																											
0	pb4311	2.5	1.0	3.0	0																											
0	pb4313	0.5	2.5	1.5	3																											
0	pb4314	3.0	2.5	3.5	-1																											
0	pb4315	2.0	1.0	2.0	0																											
0	pb4316	2.0	1.0	2.0	0																											
0	pb4318	2.5	1.0	3.5	0																											
0	pb4319	2.5	1.0	3.0	0																											
0	pb4323	0.5	1.0	1.5	2																											
0	pb4324	3.5	1.5	3.5	-2																											
0	pb4329	0.5	1.5	2.5	2																											
0	pb4330	0.5	2.5	3.0	3																											
0	pb4331	0.5	2.0	1.5	3																											
0	pb4561	0.5	2.0	1.5	3																											
0	pb4562	3.0	0.5	3.0	-2																											
0	pb4563	0.5	1.0	1.5	2																											
0	pb4564	0.5	2.5	3.5	3																											
0	pb4565	1.5	1.5	2.0	0																											
0	pb4566	2.0	2.5	2.0	1																											
0	pb4567	3.5	0.5	3.0	-2																											
0	pb4568	0.5	1.5	1.0	2																											
0	pb4569	0.5	2.5	2.5	3																											
0	pb4570	3.5	0.5	3.0	-2																											
0	pb4572	3.5	1.5	3.0	-2																											
0	pb4574	0.8	2.0	1.3	NA																											
0	pb4575	3.0	2.5	3.5	-1																											
0	pb4576	1.5	2.5	2.0	1																											
0	pb4578	0.5	2.5	1.5	3																											
0	pb4579	3.5	2.0	3.5	-1																											
0	pb4580	0.5	0.5	1.5	2																											
0	pb4593	3.0	1.0	3.5	-2																											
0	pb4701	3.0	0.5	3.5	-2																											
0	pb4702	3.0	0.5	3.5	-2																											
0	pb4703	3.0	1.0	1.5	-2																											
0	pb4704	0.5	3.0	2.0	3																											
0	pb4705	NA	NA	NA	NA																											
0	pb4707	0.5	2.5	2.5	3																											
0	pb4714	3.0	1.0	3.0	-2																											
0	pb4715	3.0	0.5	3.5	-2																											
0	pb4716	0.5	2.5	0.5	3																											
0	pb4717	2.0	1.0	2.0	0																											
0	pb4718	1.5	1.0	1.5	0																											
0	pb4841	0.5	3.0	1.5	3																											
0	pb4842	0.5	2.5	3.0	3																											
0	pb4843	0.5	0.5	2.5	2																											
0	pb4844	3.5	2.5	3.5	-1																											
0	pb4845	2.0	0.5	1.5	0																											
0	pb4847	4.5	1.0	3.0	-2																											
0	pb4848	3.5	2.5	3.5	-1																											
0	pb4850	2.5	0.5	1.5	0																											
0	pb4857	3.0	1.0	3.0	-2																											
0	pb4858	3.5	0.5	3.0	-2																											
0	pb4859	1.5	1.0	3.0	0																											
0	S1803	NA	NA	NA	NA																											
0	S5237	NA	NA	NA	NA																											
0	T0082	NA	NA	NA	NA																											
0	T0281	NA	NA	NA	NA																											
0	T1352	NA	NA	NA	NA																											
0	V0574	4.0	1.0	3.0	-2																											
0	x3318	3.5	1.5	3.5	-2																											
0	x3327	3.5	1.5	3.0	-2																											
0	x3333	3.5	1.0	3.0	-2																											
0	x3394	3.5	1.5	3.0	-2																											
0	x4101	4.0	1.0	3.0	-2																											
0	x4102	4.0	1.0	4.0	-2																											
0	x4116	3.0	1.0	3.5	-2																											
0	x4128	0.5	2.5	1.0	3																											
0	x4129	0.5	2.5	2.5	3																											
0	x4134	0.5	2.5	1.0	3																											
0	x4137	0.5	2.5	3.0	3																											
0	x4140	0.5	2.5	3.5	3																											
0	x4148	0.5	2.5	0.5	3																											
0	x4149	0.5	2.5	0.5	3																											
0	x4150	0.5	2.5	1.0	3																											
0	x4153	0.5	2.5	1.5	3																											
0	x4155	0.5	2.5	1.5	3																											
0	x4158	0.5	2.5	3.0	3																											
0	x4159	0.5	2.5	1.5	3																											
0	x4161	3.5	1.0	3.0	-2																											
0	x4178	4.0	1.0	3.0	-2																											
0	x4359	4.0	1.0	3.0	-2																											
0	x4392	0.5	2.5	1.0	3																											
0	x4429	3.5	1.0	3.5	-2																											
0	x4459	4.0	1.0	3.0	-2																											
0	x4463	0.5	2.5	1.0	3																											
0	x4477	0.5	2.5	1.0	3																											
0	x4491	0.5	2.5	1.0	3																											
0	x4570	0.5	2.5	1.0	3																											
0	x4579	0.5	2.5	2.5	3																											
0	x4580	0.5	2.5	1.0	3																											
0	x4585	3.5	1.0	3.5	-2																											
0	x4593	4.0	1.0	3.0	-2																											
0	x4608	3.5	1.0	4.0	-2																											
0	x4624	3.5	1.0	3.0	-2																											
0	x4786	3.0	1.5	3.5	-2																											
0	x4837	3.0	1.0	3.0	-2																											
0	x4867	3.5	1.5	3.0	-2																											
0	y1916	NA	NA	NA	NA																											
0	y2016	3.0	1.0	0.5	-2																											
0	y208	4.0	1.0	3.0	-2																											
0	z0035	2.0	1.0	2.0	0																											
0	z0040	2.0	2.5	2.0	1																											
0	z0047	3.0	1.0	3.0	-2																											
0	z0050	1.5	1.0	2.0	0																											
0	z0147	1.0	2.5	2.5	3																											
0	z0156	1.5	3.0	4.0	1																											
0	z0169	0.5	3.0	1.5	3																											
0	z0191	0.5	1.5	1.0	2																											
0	z0204	2.0	1.0	3.5	0																											
0	z0219	2.0	2.0	2.0	1																											
0	z0347	0.5	2.0	1.0	3																											
0	z0403	1.0	2.5	2.0	3																											
0	z0455	1.5	2.5	2.5	1																											
0	z0464	1.0	2.5	3.5	3																											
0	z0466	3.5	2.5	4.0	-1																											
0	z0474	3.0	1.5	4.0	-2																											
0	z0491	1.0	3.0	3.5	3																											
0	z0511	3.5	2.5	2.5	-1																											
0	z0550	3.5	2.5	4.0	-1																											
0	z0572	2.0	2.0	2.0	1																											
0	z0573	4.0	2.0	3.5	-1																											
0	z0576	2.0	1.5	3.5	0																											
0	z0704	3.5	1.0	4.0	-2																											
0	z0713	4.0	1.0	2.5	-2																											
0	z0715	3.0	2.0	3.5	-1																											
0	z0837	4.0	1.0	2.0	-2																											
0	z0847	0.5	3.0	2.5	3																											
0	z0852	0.5	3.0	2.0	3																											
0	z0854	0.5	3.0	0.5	3																											
0	z1062	3.5	1.5	3.0	-2																											
0	z1066	0.5	3.0	1.0	3																											
0	z1071	2.0	2.0	2.5	1																											
0	z1079	3.0	1.0	3.0	-2																											
0	z1259	1.5	1.5	1.0	0																											
0	z1403	1.0	2.0	3.5	3																											
0	z1441	2.5	1.5	3.0	0																											
0	z1621	1.5	3.0	2.0	1																											
0	z1765	3.0	1.0	3.5	-2																											
0	z1778	4.0	1.0	3.5	-2																											
0	z1802	0.5	3.0	1.0	3																											
0	z1970	0.5	2.0	1.5	3																											
0	z2008	0.5	3.0	0.5	3																											
0	z2018	0.5	3.0	2.5	3																											
0	z2020	0.5	3.0	1.0	3																											
0	z2046	4.0	1.5	3.5	-2																											
0	z2100	3.5	2.5	3.0	-1																											
0	z2108	4.0	1.5	3.0	-2																											
0	z2281	4.0	1.5	3.0	-2																											
0	z2283	3.5	1.5	3.0	-2																											
0	z2286	3.5	1.0	3.0	-2																											
0	z2287	4.0	1.0	3.5	-2																											
0	z2290	4.0	1.5	3.5	-2																											
0	z2292	4.0	1.5	2.5	-2																											
0	z2293	4.0	1.0	3.0	-2																											
0	z2294	3.0	1.5	3.5	-2																											
0	z2295	4.0	1.0	3.0	-2																											
0	z2296	3.5	1.5	3.0	-2																											
0	z2298	4.0	1.5	4.0	-2																											
0	z2300	4.0	1.0	3.0	-2																											
0	z2706	0.5	3.0	1.5	3																											
0	z2711	0.5	3.0	1.5	3																											
0	z2983	1.5	2.0	2.5	1																											
0	z3021	1.5	1.0	1.0	0																											
0	z3257	3.0	1.0	3.5	-2																											
0	z3891	0.5	3.0	1.0	3																											
0	z3987	0.5	3.0	1.0	3																											
0	z4584	2.0	2.0	3.0	1																											
0	z4710	4.5	1.5	3.0	-2																											
0	z4712	4.0	1.5	3.5	-2																											
0	z4758	0.5	3.0	1.0	3																											
0	z4783	0.5	3.0	1.0	3																											
0	z4793	0.5	3.0	2.5	3																											
0	z4797	0.5	1.5	1.0	2																											
0	z5444	0.5	3.0	1.5	3																											
0	z5451	0.5	2.5	1.0	3																											
